---
startPose:
  x: -30.0
  y: 0.0
  heading: 0.0
startTangent: 3.141592653589793
waypoints:
- position:
    x: -35.0
    y: 0.0
  heading: 0.0
  tangent: 4.71238898038469
  interpolationType: "CONSTANT"
- position:
    x: -60.0
    y: -12.0
  heading: 0.0
  tangent: 2.9670597283903604
  interpolationType: "TANGENT"
resolution: 0.25
version: 1
